30,30
36.364,36.364
43.1377,42.2898
50.2912,47.7513
57.7927,52.7241
65.6087,57.1861
73.7046,61.1175
82.0445,64.5009
90.5912,67.3211
99.3068,69.5658
108.153,71.2248
117.089,72.2909
126.077,72.7592
135.076,72.6278
144.046,71.8972
152.948,70.5706
161.742,68.654
170.388,66.1559
178.849,63.0872
187.086,59.4618
195.064,55.2957
202.746,50.6073
210.099,45.4176
217.09,39.7496
223.688,33.6285
229.863,27.0814
235.589,20.1375
240.839,12.8276
245.591,5.18415
249.823,-2.75884
253.516,-10.9661
256.655,-19.4012
259.224,-28.0266
261.213,-36.804
262.613,-45.6945
263.418,-54.6584
263.624,-63.6561
263.23,-72.6474
262.237,-81.5926
260.651,-90.4517
258.479,-99.1856
255.729,-107.755
252.415,-116.123
248.55,-124.251
244.153,-132.104
239.242,-139.646
233.84,-146.844
227.971,-153.667
221.659,-160.083
214.935,-166.065
207.827,-171.585
200.367,-176.619
192.588,-181.146
184.524,-185.144
176.213,-188.596
167.69,-191.487
158.993,-193.803
150.161,-195.535
141.234,-196.675
132.25,-197.218
123.25,-197.161
114.274,-196.504
105.362,-195.251
96.5528,-193.407
87.8861,-190.981
79.4003,-187.982
71.1332,-184.425
63.1213,-180.325
55.4005,-175.7
48.0048,-170.571
40.9673,-164.961
34.3191,-158.895
28.0898,-152.399
22.3071,-145.502
16.9967,-138.236
12.1821,-130.632
7.88473,-122.724
4.12372,-114.548
0.915773,-106.139
-1.72488,-97.5352
-3.78649,-88.7745
-5.25991,-79.8959
-6.1386,-70.9389
-6.41863,-61.9433
-6.09879,-52.949
-5.18047,-43.9959
-3.66777,-35.124
-1.5674,-26.3725
1.1113,-17.7804
4.35643,-9.38579
8.15358,-1.22603
12.4859,6.66264
17.3341,14.2452
22.6766,21.4879
28.4898,28.3587
34.7478,34.8269
41.4227,40.8638
48.4851,46.4427
55.9033,51.5387
63.6446,56.1292
71.6745,60.1938

30,30
34.2426,34.2426
38.1932,38.7585
41.8342,43.5275
45.1494,48.5284
48.1241,53.7391
50.745,59.1364
53.0006,64.6963
54.8807,70.3941
56.3772,76.2045
57.4832,82.1017
58.1939,88.0594
58.5062,94.0513
58.4186,100.051
57.9315,106.031
57.0471,111.965
55.7693,117.828
54.1039,123.592
52.0582,129.232
49.6412,134.724
46.8638,140.043
43.7382,145.164
40.2784,150.066
36.4998,154.727
32.419,159.125
28.0543,163.242
23.425,167.059
18.5517,170.56
13.4561,173.727
8.16077,176.549
2.68926,179.011
-2.93412,181.103
-8.6844,182.816
-14.536,184.142
-20.463,185.075
-26.4389,185.612
-32.4374,185.749
-38.4316,185.486
-44.395,184.825
-50.3012,183.768
-56.1237,182.319
-61.8368,180.486
-67.4152,178.277
-72.8339,175.7
-78.069,172.769
-83.0972,169.495
-87.8961,165.894
-92.4444,161.98
-96.7219,157.773
-100.71,153.29
-104.39,148.551
-107.746,143.578
-110.764,138.392
-113.429,133.016
-115.731,127.475
-117.658,121.793
-119.202,115.995
-120.357,110.107
-121.117,104.156
-121.479,98.1667
-121.441,92.1668
-121.003,86.1828
-120.168,80.2412
-118.938,74.3685
-117.32,68.5907
-115.321,62.9335
-112.95,57.4221
-110.216,52.0809
-107.133,46.9336
-103.714,42.0032
-99.9741,37.3115
-95.9298,32.8794
-91.5992,28.7265
-87.0016,24.8714
-82.1574,21.3311
-77.0881,18.1214
-71.8163,15.2565
-66.3653,12.7491
-60.7594,10.6105
-55.0235,8.85008
-49.183,7.47567
-43.264,6.49339
-37.2926,5.9076
-31.2955,5.72091
-25.2993,5.93414
-19.3306,6.54635
-13.416,7.55482
-7.58167,8.95506
-1.85358,10.7409
3.74281,12.9043
9.18265,15.4357
14.4418,18.3239
19.4968,21.5561
24.3253,25.1178
28.9058,28.9932
33.2179,33.1652
37.2425,37.6152
40.9618,42.3234
44.3591,47.2689
47.4195,52.4297
50.1292,57.783
