30,30
36.364,36.364
43.1377,42.2898
50.2912,47.7513
57.7927,52.7241
65.6087,57.1861
73.7046,61.1175
82.0445,64.5009
90.5912,67.3211
99.3068,69.5658
108.153,71.2248
117.089,72.2909
126.077,72.7592
135.076,72.6278
144.046,71.8972
152.948,70.5706
161.742,68.654
170.388,66.1559
178.849,63.0872
187.086,59.4618
195.064,55.2957
202.746,50.6073
210.099,45.4176
217.09,39.7496
223.688,33.6285
229.863,27.0814
235.589,20.1375
240.839,12.8276
245.591,5.18415
249.823,-2.75884
253.516,-10.9661
256.655,-19.4012
259.224,-28.0266
261.213,-36.804
262.613,-45.6945
263.418,-54.6584
263.624,-63.6561
263.23,-72.6474
262.237,-81.5926
260.651,-90.4517
258.479,-99.1856
255.729,-107.755
252.415,-116.123
248.55,-124.251
244.153,-132.104
239.242,-139.646
233.84,-146.844
227.971,-153.667
221.659,-160.083
214.935,-166.065
207.827,-171.585
200.367,-176.619
192.588,-181.146
184.524,-185.144
176.213,-188.596
167.69,-191.487
158.993,-193.803
150.161,-195.535
141.234,-196.675
132.25,-197.218
123.25,-197.161
114.274,-196.504
105.362,-195.251
96.5528,-193.407
87.8861,-190.981
79.4003,-187.982
71.1332,-184.425
63.1213,-180.325
55.4005,-175.7
48.0048,-170.571
40.9673,-164.961
34.3191,-158.895
28.0898,-152.399
22.3071,-145.502
16.9967,-138.236
12.1821,-130.632
7.88473,-122.724
4.12372,-114.548
0.915773,-106.139
-1.72488,-97.5352
-3.78649,-88.7745
-5.25991,-79.8959
-6.1386,-70.9389
-6.41863,-61.9433
-6.09879,-52.949
-5.18047,-43.9959
-3.66777,-35.124
-1.5674,-26.3725
1.1113,-17.7804
4.35643,-9.38579
8.15358,-1.22603
12.4859,6.66264
17.3341,14.2452
22.6766,21.4879
28.4898,28.3587
34.7478,34.8269
41.4227,40.8638
48.4851,46.4427
55.9033,51.5387
63.6446,56.1292
71.6745,60.1938
