# Trajectory 1: Vl=10, Vr=8
30,30
36.364,36.364
43.1377,42.2898
50.2912,47.7513
57.7927,52.7241
65.6087,57.1861
73.7046,61.1175
82.0445,64.5009
90.5912,67.3211
99.3068,69.5658
108.153,71.2248
117.089,72.2909
126.077,72.7592
135.076,72.6278
144.046,71.8972
152.948,70.5706
161.742,68.654
170.388,66.1559
178.849,63.0872
187.086,59.4618
195.064,55.2957
202.746,50.6073
210.099,45.4176
217.09,39.7496
223.688,33.6285
229.863,27.0814
235.589,20.1375
240.839,12.8276
245.591,5.18415
249.823,-2.75884
253.516,-10.9661
256.655,-19.4012
259.224,-28.0266
261.213,-36.804
262.613,-45.6945
263.418,-54.6584
263.624,-63.6561
263.23,-72.6474
262.237,-81.5926
260.651,-90.4517
258.479,-99.1856
255.729,-107.755
252.415,-116.123
248.55,-124.251
244.153,-132.104
239.242,-139.646
233.84,-146.844
227.971,-153.667
221.659,-160.083
214.935,-166.065
207.827,-171.585
200.367,-176.619
192.588,-181.146
184.524,-185.144
176.213,-188.596
167.69,-191.487
158.993,-193.803
150.161,-195.535
141.234,-196.675
132.25,-197.218
123.25,-197.161
114.274,-196.504
105.362,-195.251
96.5528,-193.407
87.8861,-190.981
79.4003,-187.982
71.1332,-184.425
63.1213,-180.325
55.4005,-175.7
48.0048,-170.571
40.9673,-164.961
34.3191,-158.895
28.0898,-152.399
22.3071,-145.502
16.9967,-138.236
12.1821,-130.632
7.88473,-122.724
4.12372,-114.548
0.915773,-106.139
-1.72488,-97.5352
-3.78649,-88.7745
-5.25991,-79.8959
-6.1386,-70.9389
-6.41863,-61.9433
-6.09879,-52.949
-5.18047,-43.9959
-3.66777,-35.124
-1.5674,-26.3725
1.1113,-17.7804
4.35643,-9.38579
8.15358,-1.22603
12.4859,6.66264
17.3341,14.2452
22.6766,21.4879
28.4898,28.3587
34.7478,34.8269
41.4227,40.8638
48.4851,46.4427
55.9033,51.5387
63.6446,56.1292
71.6745,60.1938

# Trajectory 2: Vl=5, Vr=7
30,30
34.2426,34.2426
38.1932,38.7585
41.8342,43.5275
45.1494,48.5284
48.1241,53.7391
50.745,59.1364
53.0006,64.6963
54.8807,70.3941
56.3772,76.2045
57.4832,82.1017
58.1939,88.0594
58.5062,94.0513
58.4186,100.051
57.9315,106.031
57.0471,111.965
55.7693,117.828
54.1039,123.592
52.0582,129.232
49.6412,134.724
46.8638,140.043
43.7382,145.164
40.2784,150.066
36.4998,154.727
32.419,159.125
28.0543,163.242
23.425,167.059
18.5517,170.56
13.4561,173.727
8.16077,176.549
2.68926,179.011
-2.93412,181.103
-8.6844,182.816
-14.536,184.142
-20.463,185.075
-26.4389,185.612
-32.4374,185.749
-38.4316,185.486
-44.395,184.825
-50.3012,183.768
-56.1237,182.319
-61.8368,180.486
-67.4152,178.277
-72.8339,175.7
-78.069,172.769
-83.0972,169.495
-87.8961,165.894
-92.4444,161.98
-96.7219,157.773
-100.71,153.29
-104.39,148.551
-107.746,143.578
-110.764,138.392
-113.429,133.016
-115.731,127.475
-117.658,121.793
-119.202,115.995
-120.357,110.107
-121.117,104.156
-121.479,98.1667
-121.441,92.1668
-121.003,86.1828
-120.168,80.2412
-118.938,74.3685
-117.32,68.5907
-115.321,62.9335
-112.95,57.4221
-110.216,52.0809
-107.133,46.9336
-103.714,42.0032
-99.9741,37.3115
-95.9298,32.8794
-91.5992,28.7265
-87.0016,24.8714
-82.1574,21.3311
-77.0881,18.1214
-71.8163,15.2565
-66.3653,12.7491
-60.7594,10.6105
-55.0235,8.85008
-49.183,7.47567
-43.264,6.49339
-37.2926,5.9076
-31.2955,5.72091
-25.2993,5.93414
-19.3306,6.54635
-13.416,7.55482
-7.58167,8.95506
-1.85358,10.7409
3.74281,12.9043
9.18265,15.4357
14.4418,18.3239
19.4968,21.5561
24.3253,25.1178
28.9058,28.9932
33.2179,33.1652
37.2425,37.6152
40.9618,42.3234
44.3591,47.2689
47.4195,52.4297
50.1292,57.783

# Walls
0,0
1,0
2,0
3,0
4,0
5,0
6,0
7,0
8,0
9,0
10,0
11,0
12,0
13,0
14,0
15,0
16,0
17,0
18,0
19,0
20,0
21,0
22,0
23,0
24,0
25,0
26,0
27,0
28,0
29,0
30,0
31,0
32,0
33,0
34,0
35,0
36,0
37,0
38,0
39,0
40,0
41,0
42,0
43,0
44,0
45,0
46,0
47,0
48,0
49,0
50,0
51,0
52,0
53,0
54,0
55,0
56,0
57,0
58,0
59,0
60,0
61,0
62,0
63,0
64,0
65,0
66,0
67,0
68,0
69,0
70,0
71,0
72,0
73,0
74,0
75,0
76,0
77,0
78,0
79,0
80,0
81,0
82,0
83,0
84,0
85,0
86,0
87,0
88,0
89,0
90,0
91,0
92,0
93,0
94,0
95,0
96,0
97,0
98,0
99,0
100,0
101,0
102,0
103,0
104,0
105,0
106,0
107,0
108,0
109,0
110,0
111,0
112,0
113,0
114,0
115,0
116,0
117,0
118,0
119,0
120,0
121,0
122,0
123,0
124,0
125,0
126,0
127,0
128,0
129,0
130,0
131,0
132,0
133,0
134,0
135,0
136,0
137,0
138,0
139,0
140,0
141,0
142,0
143,0
144,0
145,0
146,0
147,0
148,0
149,0
150,0
151,0
152,0
153,0
154,0
155,0
156,0
157,0
158,0
159,0
160,0
161,0
162,0
163,0
164,0
165,0
166,0
167,0
168,0
169,0
170,0
171,0
172,0
173,0
174,0
175,0
176,0
177,0
178,0
179,0
180,0
181,0
182,0
183,0
184,0
185,0
186,0
187,0
188,0
189,0
190,0
191,0
192,0
193,0
194,0
195,0
196,0
197,0
198,0
199,0
200,0
201,0
202,0
203,0
204,0
205,0
206,0
207,0
208,0
209,0
210,0
211,0
212,0
213,0
214,0
215,0
216,0
217,0
218,0
219,0
220,0
221,0
222,0
223,0
224,0
225,0
226,0
227,0
228,0
229,0
230,0
231,0
232,0
233,0
234,0
235,0
236,0
237,0
238,0
239,0
240,0
241,0
242,0
243,0
244,0
245,0
246,0
247,0
248,0
249,0
250,0
0,250
1,250
2,250
3,250
4,250
5,250
6,250
7,250
8,250
9,250
10,250
11,250
12,250
13,250
14,250
15,250
16,250
17,250
18,250
19,250
20,250
21,250
22,250
23,250
24,250
25,250
26,250
27,250
28,250
29,250
30,250
31,250
32,250
33,250
34,250
35,250
36,250
37,250
38,250
39,250
40,250
41,250
42,250
43,250
44,250
45,250
46,250
47,250
48,250
49,250
50,250
51,250
52,250
53,250
54,250
55,250
56,250
57,250
58,250
59,250
60,250
61,250
62,250
63,250
64,250
65,250
66,250
67,250
68,250
69,250
70,250
71,250
72,250
73,250
74,250
75,250
76,250
77,250
78,250
79,250
80,250
81,250
82,250
83,250
84,250
85,250
86,250
87,250
88,250
89,250
90,250
91,250
92,250
93,250
94,250
95,250
96,250
97,250
98,250
99,250
100,250
101,250
102,250
103,250
104,250
105,250
106,250
107,250
108,250
109,250
110,250
111,250
112,250
113,250
114,250
115,250
116,250
117,250
118,250
119,250
120,250
121,250
122,250
123,250
124,250
125,250
126,250
127,250
128,250
129,250
130,250
131,250
132,250
133,250
134,250
135,250
136,250
137,250
138,250
139,250
140,250
141,250
142,250
143,250
144,250
145,250
146,250
147,250
148,250
149,250
150,250
151,250
152,250
153,250
154,250
155,250
156,250
157,250
158,250
159,250
160,250
161,250
162,250
163,250
164,250
165,250
166,250
167,250
168,250
169,250
170,250
171,250
172,250
173,250
174,250
175,250
176,250
177,250
178,250
179,250
180,250
181,250
182,250
183,250
184,250
185,250
186,250
187,250
188,250
189,250
190,250
191,250
192,250
193,250
194,250
195,250
196,250
197,250
198,250
199,250
200,250
201,250
202,250
203,250
204,250
205,250
206,250
207,250
208,250
209,250
210,250
211,250
212,250
213,250
214,250
215,250
216,250
217,250
218,250
219,250
220,250
221,250
222,250
223,250
224,250
225,250
226,250
227,250
228,250
229,250
230,250
231,250
232,250
233,250
234,250
235,250
236,250
237,250
238,250
239,250
240,250
241,250
242,250
243,250
244,250
245,250
246,250
247,250
248,250
249,250
250,250
0,0
0,1
0,2
0,3
0,4
0,5
0,6
0,7
0,8
0,9
0,10
0,11
0,12
0,13
0,14
0,15
0,16
0,17
0,18
0,19
0,20
0,21
0,22
0,23
0,24
0,25
0,26
0,27
0,28
0,29
0,30
0,31
0,32
0,33
0,34
0,35
0,36
0,37
0,38
0,39
0,40
0,41
0,42
0,43
0,44
0,45
0,46
0,47
0,48
0,49
0,50
0,51
0,52
0,53
0,54
0,55
0,56
0,57
0,58
0,59
0,60
0,61
0,62
0,63
0,64
0,65
0,66
0,67
0,68
0,69
0,70
0,71
0,72
0,73
0,74
0,75
0,76
0,77
0,78
0,79
0,80
0,81
0,82
0,83
0,84
0,85
0,86
0,87
0,88
0,89
0,90
0,91
0,92
0,93
0,94
0,95
0,96
0,97
0,98
0,99
0,100
0,101
0,102
0,103
0,104
0,105
0,106
0,107
0,108
0,109
0,110
0,111
0,112
0,113
0,114
0,115
0,116
0,117
0,118
0,119
0,120
0,121
0,122
0,123
0,124
0,125
0,126
0,127
0,128
0,129
0,130
0,131
0,132
0,133
0,134
0,135
0,136
0,137
0,138
0,139
0,140
0,141
0,142
0,143
0,144
0,145
0,146
0,147
0,148
0,149
0,150
0,151
0,152
0,153
0,154
0,155
0,156
0,157
0,158
0,159
0,160
0,161
0,162
0,163
0,164
0,165
0,166
0,167
0,168
0,169
0,170
0,171
0,172
0,173
0,174
0,175
0,176
0,177
0,178
0,179
0,180
0,181
0,182
0,183
0,184
0,185
0,186
0,187
0,188
0,189
0,190
0,191
0,192
0,193
0,194
0,195
0,196
0,197
0,198
0,199
0,200
0,201
0,202
0,203
0,204
0,205
0,206
0,207
0,208
0,209
0,210
0,211
0,212
0,213
0,214
0,215
0,216
0,217
0,218
0,219
0,220
0,221
0,222
0,223
0,224
0,225
0,226
0,227
0,228
0,229
0,230
0,231
0,232
0,233
0,234
0,235
0,236
0,237
0,238
0,239
0,240
0,241
0,242
0,243
0,244
0,245
0,246
0,247
0,248
0,249
0,250
250,0
250,1
250,2
250,3
250,4
250,5
250,6
250,7
250,8
250,9
250,10
250,11
250,12
250,13
250,14
250,15
250,16
250,17
250,18
250,19
250,20
250,21
250,22
250,23
250,24
250,25
250,26
250,27
250,28
250,29
250,30
250,31
250,32
250,33
250,34
250,35
250,36
250,37
250,38
250,39
250,40
250,41
250,42
250,43
250,44
250,45
250,46
250,47
250,48
250,49
250,50
250,51
250,52
250,53
250,54
250,55
250,56
250,57
250,58
250,59
250,60
250,61
250,62
250,63
250,64
250,65
250,66
250,67
250,68
250,69
250,70
250,71
250,72
250,73
250,74
250,75
250,76
250,77
250,78
250,79
250,80
250,81
250,82
250,83
250,84
250,85
250,86
250,87
250,88
250,89
250,90
250,91
250,92
250,93
250,94
250,95
250,96
250,97
250,98
250,99
250,100
250,101
250,102
250,103
250,104
250,105
250,106
250,107
250,108
250,109
250,110
250,111
250,112
250,113
250,114
250,115
250,116
250,117
250,118
250,119
250,120
250,121
250,122
250,123
250,124
250,125
250,126
250,127
250,128
250,129
250,130
250,131
250,132
250,133
250,134
250,135
250,136
250,137
250,138
250,139
250,140
250,141
250,142
250,143
250,144
250,145
250,146
250,147
250,148
250,149
250,150
250,151
250,152
250,153
250,154
250,155
250,156
250,157
250,158
250,159
250,160
250,161
250,162
250,163
250,164
250,165
250,166
250,167
250,168
250,169
250,170
250,171
250,172
250,173
250,174
250,175
250,176
250,177
250,178
250,179
250,180
250,181
250,182
250,183
250,184
250,185
250,186
250,187
250,188
250,189
250,190
250,191
250,192
250,193
250,194
250,195
250,196
250,197
250,198
250,199
250,200
250,201
250,202
250,203
250,204
250,205
250,206
250,207
250,208
250,209
250,210
250,211
250,212
250,213
250,214
250,215
250,216
250,217
250,218
250,219
250,220
250,221
250,222
250,223
250,224
250,225
250,226
250,227
250,228
250,229
250,230
250,231
250,232
250,233
250,234
250,235
250,236
250,237
250,238
250,239
250,240
250,241
250,242
250,243
250,244
250,245
250,246
250,247
250,248
250,249
250,250
# Pillars
92.5,150
91.7462,154.275
89.5756,158.035
86.25,160.825
82.1706,162.31
77.8294,162.31
73.75,160.825
70.4244,158.035
68.2538,154.275
67.5,150
68.2538,145.725
70.4244,141.965
73.75,139.175
77.8294,137.69
82.1706,137.69
86.25,139.175
89.5756,141.965
91.7462,145.725
92.5,225
91.7462,229.275
89.5756,233.035
86.25,235.825
82.1706,237.31
77.8294,237.31
73.75,235.825
70.4244,233.035
68.2538,229.275
67.5,225
68.2538,220.725
70.4244,216.965
73.75,214.175
77.8294,212.69
82.1706,212.69
86.25,214.175
89.5756,216.965
91.7462,220.725
182.5,100
181.746,104.275
179.576,108.035
176.25,110.825
172.171,112.31
167.829,112.31
163.75,110.825
160.424,108.035
158.254,104.275
157.5,100
158.254,95.7247
160.424,91.9652
163.75,89.1747
167.829,87.6899
172.171,87.6899
176.25,89.1747
179.576,91.9652
181.746,95.7247
232.5,130
231.746,134.275
229.576,138.035
226.25,140.825
222.171,142.31
217.829,142.31
213.75,140.825
210.424,138.035
208.254,134.275
207.5,130
208.254,125.725
210.424,121.965
213.75,119.175
217.829,117.69
222.171,117.69
226.25,119.175
229.576,121.965
231.746,125.725
# Charger
237.5,25
236.746,29.2753
234.576,33.0348
231.25,35.8253
227.171,37.3101
222.829,37.3101
218.75,35.8253
215.424,33.0348
213.254,29.2753
212.5,25
213.254,20.7247
215.424,16.9652
218.75,14.1747
222.829,12.6899
227.171,12.6899
231.25,14.1747
234.576,16.9652
236.746,20.7247
